can3d300
ncols 1152
nrows 504
xllcenter -147.958333333
yllcenter 41.041666667
cellsize 0.083333333
nodata_value -999
[rows 342 to 379 of 504, columns 1008 to 1091 of 1152]
0517 0552 0537 0520 0473 0477 0487 0483 0450 0452 0435 0362 0358 0373 0366 0365 0375 0401 0389 0416 0384 0398 0400 0369 0304 0310 0311 0365 0381 0407 0331 0278 0294 0289 0269 0262 0293 0295 0271 0284 0267 0283 0285 0316 0343 0356 0344 0331 0324 0325 0333 0315 0303 0298 0295 0294 0297 0303 0307 0310 0306 0297 0279 0267 0248 0200 0193 0195 0156 0107 0074 0057 0158 0156 0091 0059 0050 0034 0028 0023 0015 0016 0029 0015
0509 0503 0491 0468 0467 0462 0453 0453 0450 0467 0467 0446 0456 0414 0402 0400 0402 0414 0456 0366 0328 0350 0337 0336 0324 0319 0278 0312 0318 0255 0305 0363 0292 0302 0328 0348 0341 0315 0307 0291 0308 0323 0344 0371 0371 0361 0371 0361 0340 0333 0341 0353 0356 0343 0329 0317 0317 0328 0326 0330 0323 0276 0243 0215 0212 0166 0145 0137 0097 0057 0014 0020 0046 0029 0027 0086 0030 0042 -999 0005 -999 -999 -999 -999
0495 0491 0491 0460 0460 0453 0457 0453 0449 0479 0481 0453 0451 0458 0471 0403 0345 0386 0365 0337 0391 0406 0358 0332 0310 0301 0296 0285 0274 0269 0238 0332 0368 0305 0320 0349 0319 0302 0298 0274 0284 0321 0353 0373 0373 0392 0389 0363 0328 0308 0319 0332 0333 0336 0335 0321 0314 0291 0328 0342 0312 0254 0225 0178 0142 0128 0103 0063 0043 0026 0008 0018 0007 0014 0021 0034 -999 -999 -999 0054 0053 -999 0005 -999
0450 0474 0489 0482 0470 0464 0458 0458 0457 0450 0483 0476 0470 0430 0413 0396 0376 0386 0430 0437 0438 0446 0436 0441 0442 0465 0458 0421 0376 0320 0301 0379 0421 0360 0323 0289 0282 0279 0263 0296 0283 0321 0352 0361 0377 0376 0380 0357 0346 0316 0259 0312 0446 0418 0353 0389 0285 0298 0345 0292 0215 0183 0142 0136 0083 0114 0062 0086 0162 0113 0135 0078 0031 0012 0012 0013 0011 0012 0028 0002 0029 -999 -999 -999
0450 0450 0472 0468 0453 0473 0468 0473 0452 0456 0460 0453 0458 0467 0470 0442 0427 0483 0484 0465 0460 0459 0451 0455 0464 0474 0469 0425 0383 0325 0262 0226 0269 0328 0373 0367 0349 0297 0262 0285 0290 0325 0371 0385 0390 0379 0369 0344 0357 0361 0269 0244 0358 0271 0177 0147 0124 0122 0106 0080 0031 0045 0058 0055 0098 0130 0056 0046 0077 0092 0120 0095 0041 0024 0017 0022 0038 0049 0040 0013 -999 0008 0011 -999
0450 0451 0454 0455 0475 0465 0459 0455 0453 0457 0456 0474 0498 0504 0503 0493 0510 0501 0502 0504 0526 0496 0457 0450 0447 0432 0443 0436 0408 0395 0388 0354 0269 0210 0304 0322 0326 0306 0250 0302 0345 0354 0373 0378 0363 0339 0307 0313 0368 0353 0258 0158 0134 0039 0057 0092 0079 0218 0179 0076 0059 0061 0083 0093 0091 0057 0060 0073 0147 0117 0099 0103 0101 0086 0077 0077 0080 0108 0113 0068 0035 0002 -999 -999
0488 0488 0488 0488 0489 0488 0490 0529 0498 0482 0483 0494 0516 0535 0540 0577 0566 0541 0551 0559 0548 0536 0544 0659 0640 0585 0472 0367 0364 0404 0405 0386 0377 0311 0213 0146 0260 0308 0205 0282 0329 0347 0350 0316 0308 0316 0267 0292 0339 0313 0249 0162 0133 0113 0173 0252 0316 0256 0148 0074 0035 0033 0075 0101 0131 0154 0123 0136 0166 0164 0182 0226 0232 0198 0155 0112 0126 0122 0151 0125 0066 0024 0018 -999
0487 0488 0491 0496 0484 0489 0492 0500 0499 0497 0509 0511 0508 0515 0529 0541 0545 0545 0552 0571 0565 0615 0628 0677 0647 0569 0519 0459 0396 0310 0311 0279 0254 0214 0194 0282 0205 0104 0167 0253 0260 0266 0273 0300 0247 0209 0179 0185 0221 0118 0088 0088 0120 0110 0079 0121 0041 0027 0027 0027 0059 0146 0202 0187 0213 0202 0236 0213 0249 0289 0295 0283 0280 0240 0173 0155 0165 0094 0086 0072 0059 0042 0023 0030
0502 0500 0495 0487 0474 0481 0486 0496 0492 0489 0492 0506 0508 0513 0519 0531 0529 0527 0544 0597 0629 0619 0585 0559 0532 0529 0525 0508 0494 0463 0429 0399 0360 0322 0314 0265 0242 0100 0155 0202 0222 0195 0271 0233 0205 0129 0097 0056 0031 0028 0027 0027 0029 0029 0027 0027 0027 0027 0027 0058 0248 0401 0410 0403 0400 0270 0245 0303 0320 0295 0328 0337 0306 0267 0210 0231 0181 0246 0226 0149 0074 0060 0044 0018
0491 0503 0507 0501 0500 0502 0490 0488 0492 0500 0485 0483 0509 0516 0515 0516 0545 0587 0620 0640 0633 0629 0568 0536 0515 0505 0494 0485 0457 0441 0410 0364 0328 0282 0232 0135 0086 0131 0108 0094 0114 0067 0153 0200 0198 0184 0094 0013 0027 0027 0027 0027 0027 0027 0027 0027 0030 0031 0041 0213 0415 0581 0674 0772 0638 0634 0496 0352 0350 0339 0334 0330 0300 0255 0188 0151 0211 0296 0369 0305 0101 0056 0042 0040
0442 0459 0474 0484 0506 0504 0487 0496 0496 0510 0526 0495 0473 0497 0514 0553 0573 0597 0618 0617 0579 0532 0514 0499 0490 0483 0469 0467 0459 0429 0395 0363 0339 0298 0305 0291 0319 0257 0192 0251 0297 0247 0130 0065 0135 0131 0023 0012 0027 0027 0027 0027 0027 0027 0040 0205 0298 0433 0415 0506 0709 0735 0578 0647 0752 0877 0573 0430 0371 0353 0362 0343 0314 0293 0236 0230 0219 0207 0088 0067 0018 0022 0066 0061
0374 0403 0443 0446 0447 0457 0448 0455 0476 0460 0463 0488 0535 0550 0577 0559 0533 0534 0513 0495 0480 0465 0454 0450 0446 0460 0453 0432 0415 0420 0374 0398 0451 0427 0375 0344 0342 0337 0271 0211 0169 0189 0202 0182 0116 0026 0016 0012 0027 0026 0027 0029 0027 0028 0228 0548 0550 0593 0643 0626 0584 0544 0568 0665 0670 0548 0475 0450 0387 0364 0356 0351 0329 0276 0282 0203 0127 0063 0095 0158 0057 0047 0115 0110
0444 0417 0366 0345 0343 0421 0427 0427 0386 0389 0473 0500 0546 0566 0551 0536 0518 0497 0502 0471 0451 0447 0437 0427 0422 0408 0418 0407 0366 0350 0333 0372 0342 0335 0354 0333 0281 0274 0311 0236 0267 0210 0189 0129 0062 0014 0012 0015 0029 0021 0028 0049 0051 0305 0533 0594 0578 0620 0669 0600 0582 0508 0547 0646 0482 0448 0437 0407 0383 0360 0343 0307 0305 0300 0287 0231 0125 0097 0166 0103 0074 0103 0130 0155
0453 0467 0470 0414 0360 0334 0309 0373 0383 0408 0428 0469 0475 0481 0463 0472 0471 0466 0451 0446 0434 0435 0432 0418 0400 0400 0405 0385 0391 0373 0349 0353 0369 0388 0384 0353 0328 0222 0174 0112 0103 0114 0038 0012 0013 0012 0012 0017 0047 0043 0049 0138 0376 0531 0556 0550 0543 0546 0553 0505 0480 0527 0522 0555 0525 0423 0397 0396 0383 0372 0346 0324 0332 0314 0252 0153 0095 0066 0066 0085 0097 0137 0167 0142
0428 0435 0457 0468 0427 0387 0350 0270 0307 0399 0433 0428 0444 0447 0418 0435 0442 0462 0461 0446 0427 0395 0396 0407 0399 0395 0404 0416 0393 0389 0393 0405 0416 0431 0419 0369 0297 0231 0139 0166 0090 0082 0034 0024 0018 0017 0023 0078 0074 0153 0252 0435 0517 0532 0518 0511 0482 0504 0496 0447 0494 0501 0468 0506 0463 0418 0387 0362 0339 0340 0327 0337 0298 0270 0208 0153 0085 0059 0160 0201 0204 0207 0245 0270
0454 0417 0429 0427 0442 0399 0404 0401 0308 0277 0312 0314 0329 0347 0373 0403 0409 0414 0411 0421 0414 0373 0380 0396 0401 0405 0410 0408 0377 0372 0382 0394 0394 0384 0374 0253 0118 0102 0167 0199 0251 0236 0110 0043 0044 0112 0115 0176 0170 0410 0488 0449 0477 0494 0499 0490 0492 0512 0465 0446 0492 0516 0455 0428 0408 0394 0377 0362 0349 0318 0282 0260 0293 0304 0206 0151 0099 0159 0299 0316 0377 0366 0312 0319
0476 0455 0448 0437 0433 0428 0394 0391 0396 0371 0349 0384 0390 0375 0362 0354 0316 0353 0371 0286 0356 0318 0389 0413 0405 0425 0425 0390 0362 0364 0390 0405 0363 0280 0143 0058 0133 0299 0364 0409 0438 0363 0199 0152 0272 0373 0337 0335 0175 0238 0336 0457 0502 0521 0513 0509 0463 0436 0414 0413 0433 0452 0433 0454 0448 0428 0389 0361 0350 0298 0307 0317 0306 0278 0220 0189 0162 0176 0251 0320 0401 0457 0365 0374
0543 0542 0526 0491 0492 0506 0517 0512 0493 0476 0440 0413 0452 0457 0475 0460 0447 0450 0453 0441 0402 0244 0396 0402 0398 0406 0406 0387 0347 0318 0330 0247 0167 0084 0099 0232 0371 0437 0497 0462 0417 0358 0318 0355 0379 0417 0407 0339 0233 0407 0484 0493 0506 0523 0506 0486 0478 0438 0419 0398 0395 0411 0402 0403 0413 0403 0383 0363 0319 0303 0353 0341 0287 0229 0220 0204 0193 0179 0232 0291 0298 0357 0359 0391
0631 0610 0622 0616 0647 0641 0634 0614 0564 0534 0488 0472 0452 0510 0508 0506 0510 0513 0510 0471 0426 0261 0359 0361 0365 0372 0377 0411 0243 0329 0268 0170 0170 0238 0384 0417 0453 0462 0459 0447 0425 0396 0391 0373 0353 0348 0314 0251 0326 0455 0486 0479 0505 0457 0477 0496 0513 0462 0425 0431 0406 0379 0369 0375 0372 0341 0342 0341 0321 0357 0367 0361 0335 0253 0237 0236 0280 0284 0250 0289 0301 0314 0336 0334
0604 0585 0607 0639 0662 0657 0653 0632 0527 0513 0495 0468 0437 0462 0501 0530 0509 0522 0542 0498 0442 0392 0316 0327 0303 0275 0324 0307 0243 0369 0411 0415 0396 0403 0432 0482 0477 0482 0477 0481 0444 0407 0397 0390 0358 0289 0215 0214 0353 0447 0451 0434 0424 0403 0403 0418 0423 0445 0431 0453 0429 0374 0352 0344 0347 0358 0355 0347 0348 0371 0392 0363 0330 0277 0252 0296 0336 0374 0350 0333 0366 0365 0347 0289
0577 0597 0638 0655 0646 0671 0641 0585 0553 0542 0524 0506 0490 0470 0468 0480 0490 0449 0462 0446 0425 0414 0414 0408 0392 0378 0391 0374 0286 0310 0372 0414 0433 0441 0462 0478 0483 0453 0465 0484 0457 0393 0394 0401 0360 0244 0264 0365 0388 0408 0436 0406 0384 0379 0381 0381 0376 0378 0370 0370 0395 0354 0352 0385 0380 0388 0386 0379 0398 0412 0397 0383 0358 0345 0348 0370 0376 0382 0368 0358 0365 0355 0323 0297
0595 0599 0641 0612 0639 0615 0602 0566 0542 0555 0539 0502 0473 0459 0436 0426 0428 0435 0423 0424 0449 0444 0431 0426 0442 0413 0375 0417 0399 0388 0353 0382 0441 0465 0474 0473 0453 0408 0400 0413 0412 0376 0370 0373 0335 0303 0382 0433 0479 0482 0468 0444 0408 0380 0365 0364 0372 0378 0381 0356 0350 0353 0357 0363 0381 0389 0400 0405 0406 0399 0370 0354 0352 0364 0385 0400 0410 0408 0367 0359 0344 0287 0269 0278
0552 0556 0593 0633 0629 0599 0589 0558 0566 0536 0531 0516 0518 0453 0461 0482 0439 0427 0441 0421 0416 0426 0406 0396 0394 0394 0384 0376 0398 0425 0415 0364 0394 0402 0416 0435 0414 0385 0407 0413 0406 0415 0396 0383 0364 0398 0421 0428 0492 0494 0470 0484 0500 0474 0488 0490 0449 0451 0414 0405 0376 0373 0391 0389 0398 0418 0404 0403 0421 0415 0382 0376 0393 0383 0405 0437 0416 0382 0372 0345 0321 0246 0191 0192
0532 0583 0642 0656 0609 0616 0595 0579 0571 0545 0531 0521 0518 0508 0508 0493 0467 0433 0453 0433 0443 0418 0450 0418 0404 0406 0402 0400 0411 0403 0407 0426 0435 0456 0404 0387 0359 0384 0403 0400 0380 0396 0394 0411 0429 0451 0437 0455 0479 0476 0460 0473 0488 0494 0485 0492 0461 0486 0497 0501 0456 0449 0441 0440 0435 0414 0394 0417 0409 0392 0394 0390 0405 0429 0446 0408 0391 0384 0360 0328 0330 0292 0251 0237
0512 0572 0567 0600 0637 0625 0579 0569 0565 0555 0537 0526 0508 0510 0481 0463 0460 0437 0468 0475 0466 0457 0471 0457 0444 0492 0446 0438 0460 0386 0430 0461 0455 0456 0446 0392 0384 0374 0363 0372 0369 0385 0398 0415 0419 0434 0440 0430 0445 0454 0445 0454 0481 0492 0470 0446 0443 0500 0533 0531 0540 0517 0500 0482 0455 0396 0385 0372 0371 0387 0398 0419 0435 0442 0444 0438 0412 0384 0384 0378 0351 0343 0328 0277
0498 0529 0547 0554 0573 0578 0575 0575 0569 0578 0565 0538 0521 0545 0530 0515 0520 0478 0443 0458 0467 0456 0448 0442 0489 0497 0504 0414 0411 0374 0409 0436 0414 0414 0414 0391 0405 0396 0383 0365 0405 0389 0389 0389 0391 0400 0414 0415 0446 0439 0446 0455 0464 0488 0449 0422 0439 0475 0498 0497 0494 0518 0504 0490 0422 0387 0363 0368 0368 0411 0453 0475 0431 0428 0404 0389 0386 0380 0380 0386 0374 0381 0380 0370
0533 0502 0482 0513 0550 0586 0581 0571 0558 0557 0550 0551 0551 0578 0549 0563 0531 0489 0453 0409 0432 0448 0448 0435 0447 0469 0465 0455 0443 0421 0410 0399 0455 0471 0417 0398 0365 0376 0402 0354 0365 0387 0398 0424 0422 0430 0384 0394 0396 0426 0451 0447 0424 0432 0441 0400 0410 0444 0457 0472 0463 0492 0501 0492 0411 0365 0346 0384 0371 0379 0408 0400 0376 0404 0394 0378 0383 0385 0381 0376 0373 0364 0360 0347
0519 0515 0501 0512 0565 0574 0574 0563 0545 0545 0556 0556 0538 0542 0543 0517 0555 0531 0478 0403 0382 0428 0481 0445 0423 0449 0461 0490 0462 0458 0491 0475 0375 0419 0401 0465 0412 0330 0366 0373 0355 0414 0416 0398 0390 0389 0396 0406 0394 0396 0416 0411 0415 0420 0423 0398 0434 0440 0444 0464 0465 0478 0490 0476 0397 0356 0379 0347 0343 0341 0348 0327 0340 0371 0378 0362 0373 0387 0383 0393 0389 0356 0353 0366
0520 0496 0517 0503 0555 0535 0555 0551 0546 0546 0544 0553 0545 0554 0563 0553 0523 0512 0476 0460 0403 0320 0455 0451 0441 0428 0459 0494 0499 0507 0470 0463 0460 0394 0415 0376 0372 0412 0353 0351 0325 0334 0373 0379 0366 0390 0381 0363 0394 0396 0391 0378 0352 0387 0334 0359 0400 0433 0456 0450 0395 0413 0428 0444 0404 0365 0353 0323 0311 0320 0324 0386 0348 0311 0328 0355 0370 0360 0366 0360 0360 0361 0391 0424
0542 0494 0498 0499 0496 0517 0531 0527 0533 0544 0542 0543 0551 0556 0567 0562 0530 0532 0519 0472 0479 0380 0367 0426 0491 0482 0427 0426 0492 0529 0519 0512 0496 0466 0474 0483 0455 0476 0437 0424 0418 0402 0357 0340 0331 0336 0360 0382 0368 0373 0391 0399 0392 0332 0324 0289 0437 0442 0428 0435 0373 0403 0397 0408 0403 0391 0409 0376 0385 0372 0380 0394 0383 0362 0299 0405 0432 0368 0372 0387 0370 0362 0389 0407
0531 0539 0506 0498 0505 0537 0576 0549 0544 0546 0536 0548 0552 0560 0577 0568 0543 0568 0542 0517 0486 0433 0355 0428 0467 0470 0447 0419 0439 0478 0508 0518 0528 0504 0484 0477 0481 0456 0446 0415 0388 0372 0370 0388 0381 0341 0370 0380 0377 0386 0365 0364 0380 0397 0410 0309 0318 0352 0365 0381 0298 0329 0311 0279 0346 0363 0320 0338 0340 0368 0377 0404 0338 0272 0363 0423 0484 0424 0341 0377 0372 0382 0376 0398
0539 0530 0496 0540 0533 0560 0561 0574 0574 0564 0562 0553 0550 0551 0612 0587 0524 0555 0539 0542 0510 0484 0383 0328 0452 0439 0460 0418 0447 0486 0427 0461 0509 0536 0541 0536 0519 0495 0466 0467 0414 0386 0378 0349 0343 0365 0316 0368 0390 0380 0369 0362 0364 0364 0399 0407 0355 0321 0251 0299 0366 0371 0325 0269 0316 0324 0246 0304 0296 0308 0281 0327 0326 0243 0240 0387 0411 0372 0341 0366 0389 0396 0412 0406
0601 0552 0560 0509 0547 0560 0587 0625 0612 0586 0558 0556 0548 0524 0550 0562 0565 0596 0580 0495 0518 0555 0518 0355 0421 0451 0440 0379 0435 0450 0456 0466 0470 0511 0546 0538 0514 0502 0478 0472 0416 0371 0380 0371 0320 0311 0295 0336 0376 0407 0375 0368 0371 0364 0393 0412 0401 0384 0388 0304 0204 0219 0279 0248 0272 0299 0267 0233 0255 0282 0136 0171 0262 0262 0267 0237 0207 0245 0329 0333 0366 0408 0405 0389
0622 0609 0551 0493 0540 0543 0574 0607 0630 0619 0622 0641 0630 0586 0551 0512 0583 0604 0550 0526 0532 0451 0467 0561 0436 0376 0431 0475 0376 0396 0504 0496 0433 0488 0522 0522 0525 0505 0475 0448 0449 0471 0387 0356 0393 0355 0316 0329 0353 0354 0406 0407 0396 0340 0354 0348 0359 0367 0357 0351 0307 0291 0197 0198 0233 0241 0272 0203 0205 0288 0269 0136 0242 0292 0387 0331 0156 0202 0362 0356 0339 0344 0340 0339
0569 0603 0558 0499 0522 0531 0571 0601 0603 0612 0621 0582 0625 0651 0627 0533 0507 0620 0593 0482 0525 0598 0528 0441 0444 0329 0435 0492 0489 0349 0491 0480 0433 0456 0517 0497 0480 0487 0500 0490 0470 0453 0435 0401 0359 0325 0299 0275 0318 0360 0401 0430 0352 0303 0306 0281 0325 0340 0315 0284 0317 0262 0220 0126 0243 0220 0241 0180 0226 0243 0267 0167 0238 0249 0305 0226 0155 0160 0236 0294 0270 0267 0258 0239
0616 0546 0528 0532 0532 0534 0527 0603 0599 0605 0601 0589 0591 0623 0613 0560 0518 0477 0471 0488 0513 0545 0512 0430 0423 0287 0403 0491 0396 0373 0451 0500 0519 0503 0457 0441 0451 0446 0424 0447 0466 0475 0490 0457 0404 0362 0352 0280 0324 0372 0386 0383 0324 0290 0289 0222 0282 0253 0194 0212 0258 0264 0203 0162 0185 0160 0146 0127 0197 0197 0197 0175 0153 0165 0146 0072 0129 0097 0143 0186 0173 0169 0181 0148
0602 0574 0491 0516 0535 0578 0506 0586 0599 0688 0637 0623 0607 0604 0540 0469 0563 0520 0386 0436 0531 0496 0464 0316 0390 0454 0301 0490 0315 0436 0471 0491 0496 0517 0464 0492 0476 0407 0388 0398 0438 0464 0467 0461 0410 0374 0329 0300 0306 0367 0355 0369 0311 0231 0235 0192 0164 0171 0135 0170 0232 0188 0184 0093 0153 0142 0097 0124 0132 0104 0066 0086 0136 0091 0081 0034 0036 0055 0053 0087 0024 0035 0104 0141
0679 0612 0537 0503 0511 0519 0551 0505 0575 0625 0605 0628 0624 0623 0576 0498 0448 0449 0353 0503 0421 0478 0454 0367 0393 0447 0309 0337 0325 0471 0435 0411 0430 0474 0424 0425 0463 0422 0355 0340 0421 0431 0391 0419 0373 0340 0360 0341 0348 0342 0314 0319 0234 0233 0281 0227 0201 0246 0171 0121 0136 0159 0132 0123 0100 0108 0102 0091 0068 0088 0074 0053 0073 0051 0009 0009 0012 -999 -999 -999 -999 0016 0011 0003
