can3d300
ncols 1152
nrows 504
xllcenter -147.958333333
yllcenter 41.041666667
cellsize 0.083333333
nodata_value -999
[rows 114 to 151 of 504, columns 840 to 923 of 1152]
0684 0794 0804 0749 0480 0490 0637 0416 0159 0264 0130 0013 -999 -999 -999 -999 -999 -999 -999 -999 -999 -999 -999 -999 -999 -999 -999 -999 -999 -999 -999 -999 -999 -999 -999 -999 -999 -999 -999 -999 -999 -999 -999 -999 -999 -999 -999 -999 -999 -999 -999 -999 -999 -999 -999 -999 -999 -999 -999 -999 -999 -999 -999 -999 -999 -999 -999 -999 -999 -999 -999 -999 -999 -999 -999 -999 -999 -999 -999 -999 -999 -999 -999 -999
1126 1011 0867 0808 0726 0560 0338 0291 0259 0112 0125 0061 -999 -999 -999 -999 -999 -999 -999 -999 -999 -999 -999 -999 -999 -999 -999 -999 -999 -999 -999 -999 -999 -999 -999 -999 -999 -999 -999 -999 -999 -999 -999 -999 -999 -999 -999 -999 -999 -999 -999 -999 -999 -999 -999 -999 -999 -999 -999 -999 -999 -999 -999 -999 -999 -999 -999 -999 -999 -999 -999 -999 -999 -999 -999 -999 -999 -999 -999 -999 -999 -999 -999 -999
1152 0987 0827 0789 0664 0596 0531 0359 0238 0152 0206 0190 0106 0275 0292 0089 -999 -999 -999 -999 -999 -999 -999 -999 -999 -999 -999 -999 -999 -999 -999 -999 -999 -999 -999 -999 -999 -999 -999 -999 -999 -999 -999 -999 -999 -999 -999 -999 -999 -999 -999 -999 -999 -999 -999 -999 -999 -999 -999 -999 -999 -999 -999 -999 -999 -999 -999 -999 -999 -999 -999 -999 -999 -999 -999 -999 -999 -999 -999 -999 -999 -999 -999 -999
1056 1095 1098 1083 0988 0884 0758 0666 0683 0696 0520 0377 0313 0308 0207 0146 0192 0122 -999 -999 -999 -999 -999 -999 -999 -999 -999 -999 -999 -999 -999 -999 -999 -999 -999 -999 -999 -999 -999 -999 -999 -999 -999 -999 -999 -999 -999 -999 -999 -999 -999 -999 -999 -999 -999 -999 -999 -999 -999 -999 -999 -999 -999 -999 -999 -999 -999 -999 -999 -999 -999 -999 -999 -999 -999 -999 -999 -999 -999 -999 -999 -999 -999 -999
1374 1373 1192 1099 1100 0959 0885 0758 0641 0563 0476 0474 0362 0312 0176 0183 0193 0388 0249 0328 0212 -999 -999 -999 -999 -999 -999 -999 -999 -999 -999 -999 -999 -999 -999 -999 -999 -999 -999 -999 -999 -999 -999 -999 -999 -999 -999 -999 -999 -999 -999 -999 -999 -999 -999 -999 -999 -999 -999 -999 -999 -999 -999 -999 -999 -999 -999 -999 -999 -999 -999 -999 -999 -999 -999 -999 -999 -999 -999 -999 -999 -999 -999 -999
1167 1279 1199 1079 1010 1036 1148 0982 0986 1068 1030 0973 0800 0700 0678 0569 0486 0400 0332 0216 0129 0002 -999 -999 -999 -999 -999 -999 -999 -999 -999 -999 -999 -999 -999 -999 -999 -999 -999 -999 -999 -999 -999 -999 -999 -999 -999 -999 -999 -999 -999 -999 -999 -999 -999 -999 -999 -999 -999 -999 -999 -999 -999 -999 -999 -999 -999 -999 -999 -999 -999 -999 -999 -999 -999 -999 -999 -999 -999 -999 -999 -999 -999 -999
0820 0914 0919 0700 0498 0963 1140 0941 0758 0960 0801 1104 0952 0812 0674 0596 0442 0359 0162 0238 0267 0311 0269 0152 -999 -999 -999 -999 -999 -999 -999 -999 -999 -999 -999 -999 -999 -999 -999 -999 -999 -999 -999 -999 -999 -999 -999 -999 -999 -999 -999 -999 -999 -999 -999 -999 -999 -999 -999 -999 -999 -999 -999 -999 -999 -999 -999 -999 -999 -999 -999 -999 -999 -999 -999 -999 -999 -999 -999 -999 -999 -999 -999 -999
0413 0515 0290 0097 0371 0676 0547 0317 0683 0785 0580 0409 0669 0440 0655 0671 0579 0600 0569 0477 0444 0280 0159 0093 -999 -999 -999 -999 -999 -999 -999 -999 -999 -999 -999 -999 -999 -999 -999 -999 -999 -999 -999 -999 -999 -999 -999 -999 -999 -999 -999 -999 -999 -999 -999 -999 -999 -999 -999 -999 -999 -999 -999 -999 -999 -999 -999 -999 -999 -999 -999 -999 -999 -999 -999 -999 -999 -999 -999 -999 -999 -999 -999 -999
-999 -999 -999 -999 0120 0293 0068 0048 0186 0086 0174 0107 0016 -999 -999 -999 0070 0131 0141 0090 0052 0015 -999 -999 -999 -999 -999 -999 -999 -999 -999 -999 -999 -999 -999 -999 -999 -999 -999 -999 -999 -999 -999 -999 -999 -999 -999 -999 -999 -999 -999 -999 -999 -999 -999 -999 -999 -999 -999 -999 -999 -999 -999 -999 -999 -999 -999 -999 -999 -999 -999 -999 -999 -999 -999 -999 -999 -999 -999 -999 -999 -999 -999 -999
0025 0113 0150 0145 0291 0503 0598 0756 0851 0718 0853 0668 0578 0575 0508 0351 0119 -999 -999 -999 -999 -999 -999 -999 -999 -999 -999 -999 -999 -999 -999 -999 -999 -999 -999 -999 -999 -999 -999 -999 -999 -999 -999 -999 -999 -999 -999 -999 -999 -999 -999 -999 -999 -999 -999 -999 -999 -999 -999 -999 -999 -999 -999 -999 -999 -999 -999 -999 -999 -999 -999 -999 -999 -999 -999 -999 -999 -999 -999 -999 -999 -999 -999 -999
0076 0139 0235 0354 0408 0451 0549 0702 0826 0951 1051 0913 0689 0277 0345 0448 0417 0475 0411 0161 0408 0318 0129 -999 0019 0115 0090 -999 -999 -999 -999 -999 -999 -999 -999 -999 -999 -999 -999 -999 -999 -999 -999 -999 -999 -999 -999 -999 -999 -999 -999 -999 -999 -999 -999 -999 -999 -999 -999 -999 -999 -999 -999 -999 -999 -999 -999 -999 -999 -999 -999 -999 -999 -999 -999 -999 -999 -999 -999 -999 -999 -999 -999 -999
0291 0194 0309 0322 0345 0338 0369 0418 0460 0543 0627 0561 0632 0541 0602 0839 0810 0703 0647 0356 0579 0476 0260 0300 0366 0405 0384 0253 0298 0168 0159 0105 0078 0051 -999 -999 -999 -999 -999 -999 -999 -999 -999 -999 -999 -999 -999 -999 -999 -999 -999 -999 -999 -999 -999 -999 -999 -999 -999 -999 -999 -999 -999 -999 -999 -999 -999 -999 -999 -999 -999 -999 -999 -999 -999 -999 -999 -999 -999 -999 -999 -999 -999 -999
0425 0339 0503 0710 0826 0872 0870 0911 0820 0558 0642 0801 0962 1054 1056 1148 1136 0885 0887 0476 0274 0359 0279 0251 0321 0294 0302 0312 0297 0212 0160 0093 0045 0032 0010 -999 -999 -999 -999 -999 -999 -999 -999 -999 -999 -999 -999 -999 -999 -999 -999 -999 -999 -999 -999 -999 -999 -999 -999 -999 -999 -999 -999 -999 -999 -999 -999 -999 -999 -999 -999 -999 -999 -999 -999 -999 -999 -999 -999 -999 -999 -999 -999 -999
0512 0605 0645 0506 0589 0674 0753 0934 1110 1155 0888 0682 1051 0958 0873 0969 0895 0800 0368 0429 0858 0899 0703 0834 0863 0703 0738 0519 0684 0595 0458 0228 0185 0132 0055 0018 -999 -999 -999 -999 -999 -999 -999 -999 -999 -999 -999 -999 -999 -999 -999 -999 -999 -999 -999 -999 -999 -999 -999 -999 -999 -999 -999 -999 -999 -999 -999 -999 -999 -999 -999 -999 -999 -999 -999 -999 -999 -999 -999 -999 -999 -999 -999 -999
0286 0439 0471 0662 0823 0897 0967 0870 0811 0841 0983 1165 1324 1272 1156 0961 0764 1023 0618 0637 0980 1131 1179 1318 1150 0992 0792 0767 0916 0816 0736 0605 0643 0454 0301 0183 0226 -999 -999 -999 -999 -999 -999 -999 -999 -999 -999 -999 -999 -999 -999 -999 -999 -999 -999 -999 -999 -999 -999 -999 -999 -999 -999 -999 -999 -999 -999 -999 -999 -999 -999 -999 -999 -999 -999 -999 -999 -999 -999 -999 -999 -999 -999 -999
0762 0989 0807 0587 0274 0482 0655 0566 0636 0666 0680 0904 1111 1183 1275 1304 1274 1207 1050 0954 0683 1063 1212 1316 1266 1283 1076 1145 1065 0944 0788 0651 0513 0439 0432 0419 0156 0418 0347 0232 0137 -999 -999 -999 -999 -999 -999 -999 -999 -999 -999 -999 -999 -999 -999 -999 -999 -999 -999 -999 -999 -999 -999 -999 -999 -999 -999 -999 -999 -999 -999 -999 -999 -999 -999 -999 -999 -999 -999 -999 -999 -999 -999 -999
0849 0808 0920 0778 0369 0798 0864 0786 0962 1052 0753 0605 0415 0579 0739 0846 0997 1236 1292 1282 1222 1355 1206 1247 1019 0871 0700 0689 0729 0615 0445 0579 0561 0481 0172 0602 0542 0315 0355 0198 0179 0204 0082 0017 -999 -999 -999 -999 -999 -999 -999 -999 -999 -999 -999 -999 -999 -999 -999 -999 -999 -999 -999 -999 -999 -999 -999 -999 -999 -999 -999 -999 -999 -999 -999 -999 -999 -999 -999 -999 -999 -999 -999 -999
0758 0711 0748 0742 0743 0999 1069 1153 1266 1359 1353 1263 1071 0895 0785 0810 0909 1042 1168 1246 1303 1314 0877 0174 0919 1269 1383 1159 0783 0696 0704 0609 0451 0254 0476 0832 0760 0654 0663 0578 0523 0438 0471 0354 0196 0051 0002 -999 -999 -999 -999 -999 -999 -999 -999 -999 -999 -999 -999 -999 -999 -999 -999 -999 -999 -999 -999 -999 -999 -999 -999 -999 -999 -999 -999 -999 -999 -999 -999 -999 -999 -999 -999 -999
0386 0512 0599 0665 0718 0832 0912 1021 1099 1196 1263 1278 1298 1331 1338 1313 1288 1249 1130 0955 0575 0392 0534 0912 1184 1287 1159 1094 0453 0397 0621 0452 0822 0824 1025 0962 0851 0762 0726 0680 0460 0513 0353 0341 0301 0170 0025 -999 -999 -999 -999 -999 -999 -999 -999 -999 -999 -999 -999 -999 -999 -999 -999 -999 -999 -999 -999 -999 -999 -999 -999 -999 -999 -999 -999 -999 -999 -999 -999 -999 -999 -999 -999 -999
0122 0260 0461 0524 0518 0457 0578 0584 0631 0749 0880 1009 1133 1258 1324 1332 1207 1029 0659 0377 0409 0961 1041 1141 1037 0950 0873 0648 0175 0840 0752 0830 1368 1265 1088 1013 0983 0855 0657 0524 0451 0454 0338 0333 0323 0290 0002 -999 -999 -999 -999 -999 -999 -999 -999 -999 -999 -999 -999 -999 -999 -999 -999 -999 -999 -999 -999 -999 -999 -999 -999 -999 -999 -999 -999 -999 -999 -999 -999 -999 -999 -999 -999 -999
0122 0102 0052 0051 0261 0313 0338 0371 0377 0565 0719 0755 0730 0779 0854 0916 0952 0637 0253 0208 0750 1116 1133 1135 0932 0832 0518 0342 0809 1134 0697 0674 0996 1218 1243 1164 1039 0932 0802 0375 0338 0173 0379 0450 0371 0121 -999 -999 0259 0248 0356 0122 0166 -999 -999 -999 -999 -999 -999 -999 -999 -999 -999 -999 -999 -999 -999 -999 -999 -999 -999 -999 -999 -999 -999 -999 -999 -999 -999 -999 -999 -999 -999 -999
0517 0438 0247 0139 0161 0270 0380 0479 0552 0623 0742 0677 0463 0343 0471 0419 0460 0272 0610 0541 0422 0514 0528 0580 0602 0389 0379 0593 0549 0608 0500 0343 0781 0753 0703 0738 0763 0514 0228 0468 0248 0046 0228 0268 0489 0607 0333 0346 0482 0494 0497 0223 0261 -999 -999 -999 0120 0240 0149 -999 -999 -999 -999 -999 -999 -999 -999 -999 -999 -999 -999 -999 -999 -999 -999 -999 -999 -999 -999 -999 -999 -999 -999 -999
0780 0750 0654 0690 0678 0485 0437 0401 0421 0403 0281 0327 0282 0492 0634 0519 0347 0523 0522 0328 0510 0600 0626 0754 0741 0657 0805 0986 1034 0811 0735 0881 0998 0915 0748 0682 0449 0677 0908 0733 0533 0330 0762 0897 0559 0375 0550 0723 0742 0498 0157 0125 0078 0059 0128 0426 0315 0046 -999 0185 0384 0285 0324 0138 0024 0084 0193 0213 0127 0077 0008 -999 -999 -999 -999 -999 -999 -999 -999 -999 -999 -999 -999 -999
0771 0720 0698 0742 0771 0750 0797 0771 0801 0565 0553 0639 0636 0599 0498 0470 0628 0721 0584 0488 0545 0619 0576 0581 0560 0661 0701 0759 0624 0546 0650 0641 0587 0570 0532 0607 0505 0549 0418 0498 0360 0717 0920 1031 0865 0422 0511 0436 0392 0339 0450 0467 0253 0060 0041 0215 0383 0495 0454 0109 0267 0409 0327 0184 0224 0295 0394 0522 0447 0273 0123 0153 0063 0066 0089 0053 0035 0005 -999 -999 -999 -999 -999 -999
0702 0683 0603 0669 0729 0748 0756 0658 0609 0614 0761 0701 0736 0624 0651 0703 0770 0729 0731 0587 0519 0638 0619 0668 0688 0620 0562 0425 0451 0534 0499 0425 0524 0527 0339 0434 0483 0429 0430 0342 0578 0946 1044 0944 0676 0573 0426 0337 0215 0449 0425 0525 0263 0158 0300 0112 0382 0516 0395 0590 0593 0395 0280 0580 0581 0598 0525 0527 0543 0544 0493 0216 0344 0382 0213 0199 0272 0254 0149 -999 -999 -999 -999 -999
0556 0576 0615 0569 0561 0612 0578 0486 0497 0423 0471 0477 0408 0497 0603 0597 0588 0565 0676 0575 0649 0675 0530 0651 0599 0620 0482 0473 0496 0605 0499 0550 0531 0604 0628 0508 0700 0765 0483 0314 0373 0509 0424 0398 0391 0730 0722 0333 0492 0926 0749 0354 0277 0238 0323 0229 0125 0208 0551 0283 0278 0510 0618 0597 0726 0546 0646 0675 0561 0549 0577 0850 0931 0616 0490 0350 0381 0251 0117 0043 0027 -999 -999 -999
0476 0524 0547 0602 0512 0437 0297 0400 0497 0536 0540 0563 0617 0489 0528 0473 0402 0494 0497 0470 0490 0433 0514 0528 0603 0505 0298 0404 0422 0526 0592 0651 0662 0710 0631 0519 0407 0289 0346 0623 0672 0621 0439 0391 0362 0312 0258 0342 0582 0543 0726 0757 0435 0299 0574 0747 0665 0222 0335 0238 0276 0603 0687 0707 0669 0821 0829 0734 0838 0664 0702 0672 0659 0652 0770 0507 0359 0289 0301 0203 0169 0079 0012 -999
0460 0329 0419 0395 0328 0318 0543 0589 0643 0694 0622 0632 0573 0593 0579 0608 0650 0644 0595 0576 0592 0672 0652 0528 0436 0462 0568 0589 0533 0599 0704 0546 0374 0346 0330 0225 0369 0495 0504 0529 0462 0456 0500 0625 0662 0440 0638 0916 0899 0715 0571 0548 0399 0769 0870 0509 0452 0138 0591 0605 0346 0401 0317 0366 0424 0396 0464 0556 0670 0740 0871 0951 1105 0748 0570 0481 0530 0440 0347 0271 0257 0106 0003 -999
0320 0238 0184 0261 0367 0434 0469 0517 0551 0557 0583 0601 0543 0612 0637 0625 0629 0636 0676 0696 0674 0670 0643 0597 0520 0451 0378 0394 0465 0500 0460 0512 0370 0431 0437 0621 0646 0619 0656 0534 0551 0493 0546 0437 0366 0693 0765 0688 0675 0655 0685 0427 0514 0712 0581 0565 0452 0317 0852 1088 1150 1003 0454 0540 1005 1072 0897 0604 0536 0616 0575 0656 0709 0640 0809 0918 0894 0798 0534 0306 0205 0433 0277 0110
0225 0252 0283 0299 0322 0341 0328 0346 0369 0416 0437 0455 0460 0545 0576 0578 0598 0617 0639 0622 0573 0601 0573 0461 0472 0470 0489 0586 0647 0708 0694 0585 0539 0646 0602 0660 0664 0669 0717 0837 0690 0575 0569 0443 0561 0634 0626 0554 0388 0294 0452 0499 0709 0661 0505 0429 0613 0971 1170 1288 1277 1065 0521 0503 0892 1148 1208 0875 0509 0784 0433 0036 0402 0583 0707 0801 0467 0357 0452 0273 0172 0205 0335 0336
0279 0293 0332 0394 0449 0454 0447 0419 0441 0482 0506 0497 0511 0535 0538 0570 0604 0563 0580 0542 0426 0460 0505 0545 0598 0625 0571 0521 0579 0593 0547 0622 0653 0613 0605 0637 0667 0651 0652 0688 0595 0549 0602 0555 0653 0554 0514 0556 0666 0701 0655 0818 1001 1032 0885 0390 0868 0972 1011 1022 1133 0813 0785 0867 1160 1176 1253 0979 0288 0280 0151 0571 0984 1150 1170 1154 0999 0932 0744 0477 0312 0608 0511 0313
0301 0319 0343 0352 0366 0389 0387 0374 0431 0478 0489 0524 0544 0561 0584 0593 0498 0448 0483 0468 0498 0565 0629 0656 0672 0669 0662 0659 0633 0582 0567 0568 0551 0580 0611 0658 0669 0641 0623 0616 0616 0568 0544 0602 0620 0626 0602 0627 0684 0777 0802 0823 0911 0915 0841 0822 1076 1265 1192 0989 0914 1058 1144 1152 0966 1018 0789 0595 0430 0238 0655 0871 0969 0982 0758 0566 0568 0787 0770 0776 0497 0350 0385 0669
0378 0367 0343 0322 0352 0394 0428 0437 0454 0488 0479 0455 0501 0475 0389 0432 0482 0524 0540 0589 0625 0619 0570 0584 0610 0639 0642 0651 0657 0643 0624 0593 0596 0601 0643 0626 0600 0578 0539 0560 0556 0498 0561 0626 0632 0599 0612 0623 0608 0693 0700 0676 0657 0706 0743 0743 0787 0914 0863 0793 0759 0494 0714 1008 0906 0664 0864 1079 0686 0327 0486 0550 0699 0876 1027 1352 1333 1104 0869 0652 0543 0167 0749 0947
0267 0283 0302 0319 0321 0324 0323 0346 0381 0423 0435 0397 0382 0408 0467 0493 0525 0551 0591 0612 0585 0499 0549 0586 0626 0630 0640 0622 0610 0603 0562 0527 0555 0549 0602 0592 0547 0492 0464 0524 0590 0552 0571 0587 0592 0585 0578 0614 0610 0626 0644 0687 0697 0734 0763 0690 0746 0637 0795 0863 0781 0681 0824 0920 0580 0790 0824 0486 0460 1083 1276 1166 0922 0811 0978 1236 1177 0493 0650 0799 1164 1052 0823 0840
0331 0360 0369 0366 0364 0393 0373 0380 0384 0346 0289 0366 0415 0459 0477 0467 0456 0464 0471 0474 0526 0568 0581 0602 0606 0585 0586 0573 0548 0586 0552 0552 0523 0492 0481 0487 0506 0526 0565 0598 0612 0615 0653 0632 0653 0661 0668 0607 0621 0642 0641 0610 0593 0578 0581 0580 0584 0591 0606 0608 0550 0511 0534 0483 0359 0298 0693 0699 0851 1111 1161 1215 1126 1222 1013 0812 0256 0580 0743 0904 0895 1000 0450 0240
0373 0348 0407 0370 0342 0439 0392 0345 0258 0392 0342 0339 0432 0446 0430 0481 0517 0543 0537 0527 0504 0498 0512 0514 0524 0491 0527 0515 0488 0476 0523 0542 0530 0486 0435 0473 0544 0487 0518 0542 0538 0562 0594 0606 0646 0675 0691 0634 0611 0583 0560 0546 0562 0616 0600 0617 0624 0620 0593 0545 0522 0550 0528 0453 0393 0557 0610 0721 0924 1123 1213 1310 1330 1217 1070 0664 0261 0562 0731 0995 0793 0338 0040 0439
0235 0262 0248 0238 0319 0365 0323 0249 0356 0415 0271 0439 0425 0379 0423 0469 0472 0462 0471 0484 0476 0508 0530 0541 0452 0397 0413 0478 0514 0494 0499 0538 0570 0512 0469 0387 0390 0435 0502 0577 0642 0703 0758 0790 0792 0743 0653 0583 0554 0562 0596 0627 0585 0597 0576 0556 0576 0563 0531 0501 0515 0513 0543 0531 0556 0623 0642 0740 0855 0970 1073 0983 0835 0598 0524 0065 0498 1052 1198 1248 0919 0580 0487 1059
0172 0167 0165 0158 0196 0169 0210 0213 0151 0179 0276 0336 0363 0382 0447 0470 0483 0464 0442 0440 0460 0385 0416 0431 0320 0301 0398 0420 0429 0475 0516 0531 0560 0499 0459 0382 0348 0399 0491 0611 0738 0807 0861 0904 0911 0897 0884 0877 0858 0838 0821 0767 0675 0578 0544 0522 0516 0502 0521 0490 0498 0524 0528 0535 0545 0568 0595 0631 0664 0681 0717 0732 0302 0910 0497 0178 0744 0945 1116 1064 0684 0081 0786 1193
