can3d300
ncols 1152
nrows 504
xllcenter -147.958333333
yllcenter 41.041666667
cellsize 0.083333333
nodata_value -999
[rows 152 to 189 of 504, columns 840 to 923 of 1152]
0058 0046 0053 0051 0069 0061 0155 0265 0366 0386 0384 0397 0413 0413 0456 0464 0470 0416 0342 0228 0195 0257 0271 0281 0240 0303 0341 0349 0335 0358 0338 0348 0378 0341 0304 0415 0485 0497 0501 0608 0720 0792 0864 0922 0966 1003 1031 1040 1035 1015 0984 0935 0852 0723 0610 0550 0513 0532 0524 0556 0570 0556 0521 0564 0608 0704 0616 0645 0676 0452 0499 0492 0328 0381 0261 0234 0754 0917 0588 0616 0249 0216 0732 0863
0012 0007 0004 0020 0061 0087 0160 0261 0273 0255 0285 0330 0338 0341 0409 0393 0271 0219 0310 0405 0375 0383 0411 0415 0383 0407 0395 0342 0373 0331 0329 0322 0320 0382 0415 0404 0412 0380 0397 0513 0613 0730 0808 0866 0936 0997 1044 1077 1094 1081 1059 1024 0977 0926 0876 0853 0827 0784 0700 0644 0606 0591 0562 0553 0549 0527 0502 0460 0385 0270 0314 0359 0327 0351 0414 0486 0724 0760 0676 0228 0149 0469 0686 0716
-999 -999 -999 0023 0095 0167 0260 0268 0281 0361 0361 0325 0259 0204 0231 0240 0346 0379 0379 0358 0334 0330 0329 0354 0385 0384 0347 0317 0343 0364 0362 0319 0343 0347 0342 0365 0389 0403 0398 0404 0517 0650 0786 0853 0911 0974 1019 1048 1074 1099 1101 1088 1062 1041 1019 0998 0980 0949 0918 0871 0810 0702 0560 0490 0477 0436 0417 0391 0298 0342 0491 0542 0566 0507 0539 0555 0441 0315 0146 0254 0445 0744 0838 0855
0006 -999 -999 0028 0107 0163 0246 0309 0308 0336 0307 0206 0095 0237 0249 0246 0230 0306 0253 0211 0235 0247 0293 0338 0306 0315 0313 0332 0354 0358 0345 0351 0328 0329 0356 0371 0401 0408 0421 0454 0471 0543 0717 0816 0884 0924 0948 0969 0991 1011 1033 1056 1072 1091 1091 1083 1070 1043 1006 0962 0916 0863 0781 0632 0490 0453 0417 0385 0417 0472 0520 0554 0561 0564 0560 0496 0334 0205 0371 0446 0589 0703 0696 0792
0005 -999 -999 0030 0080 0105 0183 0187 0202 0266 0146 0101 0106 0210 0181 0207 0206 0276 0286 0301 0340 0320 0297 0285 0300 0302 0311 0315 0300 0299 0309 0321 0326 0338 0317 0325 0338 0358 0325 0341 0390 0419 0476 0593 0726 0786 0818 0849 0869 0882 0917 0961 1002 1038 1052 1052 1050 1040 1032 1008 0968 0926 0859 0785 0629 0488 0419 0479 0531 0560 0589 0584 0564 0493 0372 0304 0375 0524 0557 0666 0658 0686 0742 0684
-999 -999 -999 0019 0087 0075 0052 0082 0081 0103 0123 0120 0131 0137 0096 0177 0152 0216 0303 0325 0326 0312 0315 0313 0292 0298 0265 0228 0249 0272 0301 0284 0272 0317 0326 0286 0264 0275 0326 0409 0396 0369 0374 0419 0509 0598 0661 0693 0717 0735 0774 0833 0882 0901 0901 0901 0899 0919 0955 0967 0948 0926 0886 0845 0790 0719 0585 0532 0468 0483 0505 0479 0456 0420 0380 0440 0451 0560 0642 0663 0699 0670 0691 0529
-999 -999 -999 0014 0040 0024 0005 0007 0009 0004 0031 0045 0057 0087 0115 0144 0203 0249 0264 0214 0250 0239 0221 0172 0190 0239 0222 0242 0245 0237 0223 0179 0232 0291 0250 0226 0256 0291 0349 0352 0323 0325 0240 0294 0350 0356 0398 0441 0451 0463 0472 0620 0718 0750 0764 0772 0774 0776 0808 0837 0844 0852 0875 0889 0878 0879 0846 0815 0795 0767 0737 0675 0578 0462 0450 0520 0532 0529 0651 0634 0618 0521 0480 0412
0004 -999 -999 -999 0004 0007 -999 0010 0005 0001 0007 0015 0018 0034 0078 0135 0116 0132 0140 0094 0114 0164 0119 0126 0192 0234 0195 0220 0233 0215 0140 0137 0183 0187 0191 0203 0265 0298 0322 0294 0272 0201 0183 0184 0289 0281 0247 0325 0385 0421 0406 0473 0539 0572 0612 0613 0566 0515 0509 0516 0535 0562 0608 0674 0777 0838 0872 0871 0852 0831 0825 0828 0779 0610 0526 0476 0474 0522 0593 0487 0446 0351 0353 0404
0006 -999 -999 -999 -999 -999 -999 -999 -999 0001 0016 0026 0037 0032 0035 0030 0049 0060 0056 0125 0123 0077 0148 0175 0173 0123 0150 0218 0216 0208 0108 0079 0127 0220 0222 0190 0167 0159 0210 0212 0221 0257 0315 0331 0344 0347 0323 0298 0351 0349 0328 0329 0323 0375 0411 0449 0396 0366 0394 0404 0426 0445 0472 0485 0501 0565 0659 0709 0723 0716 0689 0675 0565 0450 0425 0427 0467 0497 0449 0418 0408 0490 0530 0625
-999 -999 -999 -999 -999 -999 -999 -999 -999 -999 -999 -999 -999 -999 0024 0040 0038 0075 0090 0098 0164 0102 0135 0128 0136 0176 0173 0074 0089 0063 0046 0092 0111 0097 0084 0133 0190 0245 0288 0291 0306 0340 0345 0359 0379 0387 0416 0384 0393 0431 0427 0406 0403 0404 0422 0448 0449 0435 0417 0400 0426 0447 0456 0446 0442 0412 0414 0459 0500 0451 0481 0487 0475 0478 0502 0450 0452 0434 0426 0465 0535 0589 0638 0652
-999 -999 -999 -999 -999 -999 -999 -999 0003 0009 0010 0009 0005 -999 -999 0001 -999 0010 0013 0034 0070 0107 0119 0129 0130 0124 0114 0031 0066 0096 0130 0135 0117 0123 0147 0172 0186 0226 0261 0278 0304 0326 0351 0365 0359 0347 0376 0387 0407 0356 0336 0347 0348 0373 0438 0403 0369 0341 0302 0310 0382 0363 0362 0391 0367 0377 0409 0447 0400 0376 0472 0505 0521 0500 0492 0470 0516 0553 0571 0593 0591 0572 0546 0511
-999 -999 -999 -999 -999 -999 -999 0001 0010 0014 0015 0015 0013 0014 0012 0014 0004 -999 -999 -999 -999 -999 0006 0050 0061 0085 0095 0130 0188 0197 0186 0151 0178 0139 0121 0166 0131 0187 0214 0227 0274 0302 0289 0289 0262 0300 0305 0238 0245 0159 0255 0288 0259 0345 0336 0306 0301 0307 0379 0329 0336 0375 0353 0330 0336 0361 0367 0390 0395 0453 0473 0474 0448 0441 0455 0487 0585 0567 0571 0577 0599 0559 0541 0396
-999 -999 -999 -999 -999 -999 -999 0003 0012 0014 0015 0015 0013 0011 0010 0010 -999 -999 -999 -999 -999 -999 -999 -999 -999 0004 0021 0058 0094 0162 0198 0187 0190 0167 0126 0111 0111 0174 0169 0194 0205 0162 0188 0187 0151 0131 0123 0169 0219 0287 0334 0334 0344 0334 0311 0345 0349 0365 0395 0369 0360 0368 0368 0355 0357 0370 0394 0404 0413 0431 0448 0477 0434 0444 0452 0459 0475 0496 0499 0504 0451 0382 0347 0353
-999 -999 -999 -999 -999 -999 -999 0002 0007 0008 0011 0009 0008 0008 -999 -999 -999 -999 -999 -999 -999 -999 -999 -999 -999 -999 -999 -999 0011 0064 0090 0120 0151 0174 0178 0128 0142 0157 0102 0054 0085 0082 0110 0115 0154 0235 0245 0193 0243 0217 0270 0217 0228 0247 0288 0304 0323 0338 0338 0280 0321 0357 0369 0374 0355 0362 0365 0367 0384 0382 0396 0426 0422 0385 0417 0457 0464 0427 0463 0395 0329 0408 0439 0438
-999 -999 -999 -999 -999 -999 -999 -999 0007 0002 0008 0005 0007 0006 -999 -999 -999 -999 -999 -999 -999 -999 -999 -999 -999 -999 -999 0001 0001 0019 0079 0158 0140 0136 0122 0117 0143 0107 0079 0072 0118 0122 0103 0064 0067 0092 0141 0153 0167 0171 0179 0151 0197 0219 0201 0173 0235 0267 0292 0266 0336 0337 0314 0296 0335 0367 0378 0375 0379 0386 0394 0404 0425 0378 0354 0432 0399 0313 0344 0384 0430 0437 0415 0384
-999 -999 -999 -999 -999 -999 -999 -999 -999 -999 -999 -999 -999 -999 -999 -999 0001 0001 0001 0001 0001 0001 0001 0001 0001 0002 0006 0008 0004 0007 0043 0101 0121 0099 0072 0056 0033 0007 0003 0025 0039 0068 0088 0085 0083 0081 0115 0121 0126 0111 0129 0165 0209 0144 0168 0251 0296 0285 0212 0250 0239 0252 0280 0320 0356 0378 0399 0411 0420 0429 0435 0424 0409 0379 0330 0338 0349 0327 0330 0375 0338 0349 0405 0517
-999 -999 -999 -999 -999 -999 -999 -999 -999 -999 -999 -999 -999 -999 -999 -999 0001 0001 0001 0001 0001 0001 0001 0001 0001 0001 0012 0025 0014 0004 0001 0032 0057 0055 0031 0011 0007 0014 0019 0014 0012 0022 0027 0036 0021 0035 0062 0088 0101 0089 0104 0104 0102 0103 0145 0168 0219 0218 0149 0205 0280 0309 0322 0356 0379 0404 0409 0391 0391 0368 0368 0385 0368 0359 0361 0308 0337 0364 0373 0339 0341 0384 0341 0350
-999 -999 -999 -999 -999 -999 -999 -999 -999 -999 -999 -999 -999 -999 -999 -999 -999 -999 0001 0001 0001 0001 0001 0001 0001 0001 0009 0012 0006 0003 -999 -999 -999 0056 0048 0004 0007 0002 0020 0015 0008 0014 0018 0023 0037 0041 0034 0051 0055 0069 0083 0095 0112 0127 0132 0115 0138 0149 0189 0229 0253 0288 0313 0325 0332 0311 0298 0322 0323 0347 0356 0370 0361 0333 0332 0310 0292 0336 0371 0366 0347 0258 0348 0404
-999 -999 -999 -999 -999 -999 -999 -999 -999 -999 -999 -999 -999 -999 -999 -999 -999 0001 0001 0001 0001 0001 0001 0001 0001 0001 -999 -999 -999 -999 -999 -999 -999 -999 0002 -999 0001 0016 0035 0024 0039 0038 0033 0025 0022 0025 0023 0022 0028 0042 0053 0071 0075 0077 0094 0115 0124 0128 0149 0181 0207 0228 0232 0258 0226 0223 0274 0281 0272 0308 0331 0343 0313 0285 0251 0244 0230 0263 0304 0357 0351 0258 0339 0414
-999 -999 -999 -999 -999 -999 -999 -999 -999 -999 -999 -999 -999 -999 -999 -999 -999 0001 0001 0001 0001 0001 0001 -999 -999 -999 -999 -999 -999 -999 -999 -999 -999 0002 0017 0023 0003 -999 0011 0008 0032 0044 0044 0062 0068 0054 0035 0007 0013 0019 0018 0027 0032 0044 0064 0079 0094 0112 0138 0152 0148 0158 0164 0184 0165 0197 0199 0231 0275 0290 0283 0287 0233 0247 0292 0307 0307 0267 0316 0316 0326 0317 0268 0365
-999 -999 -999 -999 -999 -999 -999 -999 -999 -999 -999 -999 -999 -999 -999 -999 -999 -999 -999 -999 -999 -999 -999 -999 -999 -999 -999 -999 -999 -999 -999 0001 0001 0006 0027 0035 0013 0008 0045 0067 0015 0004 0011 0016 0039 0041 0055 0046 0035 -999 0003 0016 0040 0055 0073 0068 0069 0054 0028 0035 0045 0072 0086 0115 0145 0179 0206 0228 0256 0233 0208 0207 0219 0274 0299 0297 0319 0355 0347 0330 0334 0376 0239 0309
-999 -999 -999 -999 -999 -999 -999 -999 -999 -999 -999 -999 -999 -999 -999 -999 -999 -999 -999 -999 -999 -999 -999 -999 -999 -999 -999 -999 -999 -999 -999 0001 0002 0010 0017 0020 0012 0004 0017 0027 0010 0006 -999 0017 0024 0020 0024 0032 0024 0012 0011 0012 0020 0038 0064 0096 0067 0046 0051 0084 0090 0133 0134 0126 0143 0144 0163 0187 0244 0217 0187 0196 0251 0268 0294 0297 0300 0298 0280 0257 0232 0290 0352 0382
-999 -999 -999 -999 -999 -999 -999 -999 -999 -999 -999 -999 -999 -999 -999 -999 -999 -999 -999 -999 -999 -999 -999 -999 -999 -999 -999 -999 -999 -999 -999 -999 0002 0005 0006 0009 0013 0005 0002 -999 -999 -999 -999 0018 0046 0036 -999 -999 0003 0018 0027 0024 0028 0024 0026 0030 0038 0057 0054 0067 0098 0104 0095 0103 0120 0127 0152 0136 0179 0164 0121 0168 0241 0278 0267 0255 0240 0191 0227 0292 0341 0361 0348 0253
-999 -999 -999 -999 -999 -999 -999 -999 -999 -999 -999 -999 -999 -999 -999 -999 -999 -999 -999 -999 0001 -999 -999 -999 0001 0001 0001 -999 -999 -999 -999 -999 -999 -999 -999 0002 0005 0004 0001 -999 -999 -999 -999 0010 0033 0041 0017 0001 0002 0009 0013 0033 0044 0023 0022 0021 0017 0024 0043 0043 0063 0073 0067 0080 0119 0118 0117 0127 0138 0126 0128 0200 0213 0193 0212 0240 0182 0184 0263 0279 0289 0296 0293 0221
-999 -999 -999 -999 -999 -999 -999 -999 -999 -999 -999 -999 -999 -999 -999 -999 0002 0004 0004 0005 0006 0005 0004 0003 0005 0005 0005 0004 0003 0002 0001 0001 0001 -999 -999 -999 -999 -999 -999 -999 -999 -999 -999 -999 0003 0012 0016 -999 -999 -999 0003 0009 0008 0014 0004 0007 0005 0018 0021 0019 0043 0051 0064 0076 0078 0073 0090 0097 0135 0099 0147 0164 0181 0221 0238 0229 0231 0193 0222 0230 0203 0243 0195 0219
-999 -999 -999 -999 -999 -999 -999 -999 -999 -999 -999 -999 -999 -999 0003 0007 0012 0014 0014 0014 0015 0014 0014 0012 0013 0013 0012 0010 0008 0004 0003 0003 0003 0002 0002 0001 -999 -999 -999 -999 -999 -999 -999 0004 0003 -999 0006 0009 -999 -999 -999 -999 -999 -999 -999 -999 -999 0003 0004 0003 0016 0030 0038 0037 0044 0059 0069 0082 0093 0140 0170 0198 0248 0250 0237 0245 0249 0262 0216 0186 0260 0263 0306 0309
-999 -999 -999 -999 -999 -999 -999 -999 -999 -999 -999 -999 0003 0008 0017 0023 0034 0038 0041 0034 0030 0032 0030 0026 0024 0021 0019 0016 0012 0009 0009 0007 0007 0006 0004 0002 -999 -999 -999 -999 -999 -999 -999 0008 0021 0019 -999 -999 -999 -999 -999 -999 -999 -999 -999 -999 -999 -999 -999 -999 0044 0035 0027 0026 0043 0067 0071 0111 0142 0149 0165 0205 0230 0237 0230 0217 0263 0237 0201 0311 0335 0318 0329 0349
-999 -999 -999 -999 -999 -999 -999 -999 -999 -999 -999 0003 0010 0027 0037 0045 0052 0063 0064 0057 0058 0059 0055 0048 0038 0029 0022 0018 0016 0014 0013 0010 0007 0004 0002 0001 -999 -999 0001 0001 0001 0001 0001 0001 0004 0013 0009 0004 0001 0001 -999 0001 0001 0001 -999 -999 -999 -999 -999 -999 0004 0018 0030 0056 0066 0066 0092 0088 0103 0109 0135 0160 0189 0207 0219 0199 0224 0179 0222 0259 0291 0300 0313 0300
-999 -999 -999 -999 -999 -999 -999 -999 -999 -999 0003 0009 0024 0039 0049 0049 0062 0063 0064 0063 0062 0057 0054 0054 0032 0029 0026 0023 0019 0016 0012 0008 0005 0002 0001 -999 -999 -999 0001 0001 0001 -999 -999 -999 0006 0009 -999 -999 -999 -999 0001 0001 -999 0001 0001 -999 -999 -999 -999 -999 0012 0012 0021 0031 0060 0071 0078 0080 0084 0087 0086 0108 0140 0155 0140 0144 0178 0196 0222 0237 0237 0250 0292 0326
-999 -999 -999 -999 -999 -999 -999 -999 -999 0002 0009 0025 0036 0051 0061 0056 0060 0062 0063 0063 0063 0060 0050 0043 0032 0030 0027 0023 0018 0014 0011 0008 0006 0003 0001 -999 -999 -999 -999 -999 -999 0001 -999 -999 -999 -999 -999 -999 -999 -999 -999 -999 -999 -999 -999 -999 -999 -999 -999 -999 -999 0013 0013 0013 0042 0067 0081 0080 0076 0082 0103 0118 0123 0117 0131 0149 0164 0173 0179 0215 0238 0237 0260 0297
-999 -999 -999 -999 -999 -999 -999 -999 -999 0005 0016 0032 0045 0053 0063 0063 0062 0062 0062 0060 0060 0058 0051 0041 0031 0030 0026 0022 0017 0013 0009 0006 0004 0002 0001 0001 -999 -999 -999 -999 -999 -999 -999 -999 -999 -999 -999 0001 0001 -999 -999 -999 -999 -999 -999 -999 -999 -999 -999 -999 -999 -999 -999 0002 0025 0046 0053 0061 0073 0077 0084 0090 0085 0098 0106 0111 0125 0135 0154 0167 0175 0187 0227 0240
-999 -999 -999 -999 -999 -999 -999 -999 0002 0009 0020 0032 0052 0059 0063 0063 0061 0060 0057 0052 0051 0048 0045 0038 0030 0026 0025 0022 0019 0015 0012 0008 0005 0003 0002 0001 -999 -999 -999 -999 -999 -999 -999 -999 -999 -999 -999 -999 -999 -999 -999 -999 -999 -999 -999 -999 -999 -999 -999 -999 -999 -999 -999 -999 0015 0031 0051 0054 0055 0053 0059 0059 0057 0059 0063 0068 0069 0077 0085 0111 0131 0149 0157 0158
-999 -999 -999 -999 -999 -999 -999 -999 0001 0006 0016 0026 0037 0045 0052 0053 0055 0053 0050 0042 0041 0038 0036 0031 0027 0023 0020 0019 0015 0012 0012 0008 0004 0002 0001 0001 -999 -999 -999 -999 -999 -999 -999 -999 -999 -999 -999 -999 -999 -999 -999 -999 -999 -999 -999 -999 -999 -999 -999 -999 -999 -999 -999 -999 0008 0015 0046 0052 0037 0041 0047 0040 0044 0043 0039 0036 0049 0047 0048 0078 0109 0107 0118 0139
-999 -999 -999 -999 -999 -999 -999 -999 -999 0003 0011 0019 0024 0028 0035 0040 0043 0043 0043 0035 0030 0029 0027 0025 0022 0019 0016 0015 0015 0011 0008 0006 0005 0002 0001 0001 -999 -999 -999 -999 -999 -999 -999 -999 -999 -999 -999 -999 -999 -999 -999 -999 -999 -999 -999 -999 -999 -999 -999 -999 -999 -999 -999 -999 -999 -999 0023 0020 0024 0028 0029 0028 0028 0028 0029 0029 0029 0030 0032 0050 0081 0097 0112 0118
-999 -999 -999 -999 -999 -999 -999 -999 -999 0003 0006 0012 0017 0021 0025 0028 0030 0032 0035 0032 0024 0020 0019 0019 0016 0015 0012 0010 0010 0008 0006 0004 0002 0001 0001 -999 -999 -999 -999 -999 -999 -999 -999 -999 -999 -999 -999 -999 -999 -999 -999 -999 -999 -999 -999 -999 -999 -999 -999 -999 -999 -999 -999 -999 -999 -999 0015 0018 0025 0029 0026 0028 0030 0034 0037 0043 0041 0041 0045 0047 0068 0118 0120 0107
-999 -999 -999 -999 -999 -999 -999 -999 -999 -999 0002 0006 0010 0013 0016 0019 0019 0021 0024 0024 0019 0013 0011 0011 0009 0009 0008 0005 0005 0003 0002 0002 0001 -999 -999 -999 -999 -999 -999 -999 -999 -999 -999 -999 -999 -999 -999 -999 -999 -999 -999 -999 -999 -999 -999 -999 -999 -999 -999 -999 -999 -999 -999 -999 -999 -999 -999 0004 0008 0018 0016 0018 0031 0052 0059 0065 0065 0061 0058 0056 0057 0085 0112 0113
-999 -999 -999 -999 -999 -999 -999 -999 -999 -999 -999 0002 0003 0004 0006 0009 0008 0009 0010 0009 0007 0006 0004 0004 0003 0003 0003 0002 0001 0001 -999 -999 -999 -999 -999 -999 -999 -999 -999 -999 -999 -999 -999 -999 -999 -999 -999 -999 -999 -999 -999 -999 -999 -999 -999 -999 -999 -999 -999 -999 -999 -999 -999 -999 -999 -999 -999 0001 0002 0004 0005 0016 0051 0075 0084 0090 0087 0083 0086 0077 0064 0060 0083 0098
-999 -999 -999 -999 -999 -999 -999 -999 -999 -999 -999 -999 -999 0001 0001 0002 0002 0002 0002 0001 -999 -999 -999 -999 -999 -999 -999 -999 -999 -999 -999 -999 -999 -999 -999 -999 -999 -999 -999 -999 -999 -999 -999 -999 -999 -999 -999 -999 -999 -999 -999 -999 -999 -999 -999 -999 -999 -999 -999 -999 -999 -999 -999 -999 -999 -999 -999 -999 0001 0004 0012 0033 0064 0081 0093 0097 0094 0095 0097 0090 0075 0059 0064 0082
