can3d300
ncols 1152
nrows 504
xllcenter -147.958333333
yllcenter 41.041666667
cellsize 0.083333333
nodata_value -999
[rows 418 to 455 of 504, columns 840 to 923 of 1152]
0301 0296 0307 0308 0312 0325 0333 0328 0327 0325 0334 0343 0348 0354 0381 0419 0439 0454 0462 0472 0492 0493 0478 0467 0443 0441 0460 0454 0466 0455 0450 0434 0427 0423 0427 0440 0450 0484 0474 0484 0475 0481 0463 0469 0513 0520 0525 0513 0456 0444 0438 0460 0536 0512 0502 0509 0453 0469 0434 0425 0417 0367 0406 0384 0421 0430 0419 0434 0388 0395 0424 0435 0413 0381 0397 0424 0439 0496 0427 0553 0576 0488 0435 0380
0311 0328 0330 0329 0331 0348 0337 0329 0335 0341 0368 0343 0362 0398 0438 0475 0434 0418 0427 0478 0505 0494 0470 0453 0447 0470 0461 0462 0450 0446 0443 0433 0435 0436 0441 0457 0506 0468 0495 0495 0495 0458 0484 0505 0523 0510 0482 0501 0464 0425 0429 0518 0494 0491 0456 0466 0444 0393 0390 0402 0387 0343 0369 0349 0382 0406 0429 0397 0398 0424 0433 0418 0436 0456 0440 0456 0581 0568 0607 0654 0668 0710 0708 0596
0328 0338 0352 0349 0353 0355 0344 0345 0355 0361 0375 0370 0407 0434 0432 0436 0420 0438 0450 0437 0438 0467 0476 0459 0452 0461 0456 0439 0440 0427 0433 0434 0445 0442 0478 0500 0536 0528 0464 0450 0461 0478 0508 0533 0518 0509 0457 0460 0450 0377 0431 0480 0482 0492 0446 0396 0426 0367 0360 0364 0339 0342 0330 0311 0384 0347 0402 0420 0425 0449 0426 0446 0472 0485 0497 0506 0587 0627 0736 0688 0756 0807 0873 0848
0337 0339 0351 0346 0349 0352 0349 0359 0360 0379 0398 0440 0417 0419 0414 0426 0427 0407 0384 0381 0391 0403 0437 0448 0455 0440 0428 0425 0431 0419 0427 0447 0441 0482 0500 0489 0477 0488 0457 0452 0465 0466 0452 0487 0465 0451 0448 0483 0459 0388 0395 0404 0413 0402 0388 0368 0375 0347 0321 0312 0336 0295 0314 0265 0289 0384 0401 0434 0420 0425 0426 0443 0489 0509 0523 0515 0647 0713 0754 0742 0773 0845 0887 0900
0334 0337 0343 0344 0347 0348 0351 0362 0368 0409 0428 0405 0392 0417 0408 0391 0371 0384 0371 0370 0392 0408 0431 0447 0441 0440 0442 0428 0420 0406 0425 0441 0463 0485 0497 0484 0499 0514 0508 0481 0510 0492 0507 0512 0498 0507 0488 0505 0464 0395 0466 0468 0428 0385 0376 0359 0338 0355 0336 0319 0322 0295 0323 0284 0337 0358 0364 0417 0456 0448 0453 0453 0471 0501 0545 0538 0646 0720 0780 0802 0786 0835 0869 0933
0351 0338 0341 0346 0351 0349 0356 0370 0369 0410 0393 0382 0395 0404 0364 0365 0376 0366 0372 0365 0371 0379 0389 0424 0438 0437 0427 0426 0427 0412 0416 0445 0419 0496 0522 0482 0480 0448 0504 0499 0516 0560 0547 0538 0514 0480 0451 0465 0428 0442 0475 0466 0435 0416 0386 0364 0309 0324 0348 0334 0332 0329 0323 0309 0351 0312 0352 0415 0451 0416 0456 0479 0496 0485 0566 0654 0683 0782 0826 0864 0886 0830 0895 0940
0345 0346 0350 0358 0354 0353 0360 0364 0362 0394 0382 0390 0390 0370 0365 0384 0376 0363 0363 0375 0403 0419 0420 0419 0426 0420 0418 0426 0426 0427 0415 0395 0400 0417 0425 0420 0419 0474 0504 0483 0506 0524 0515 0512 0458 0481 0427 0425 0417 0437 0466 0495 0432 0414 0344 0321 0340 0344 0352 0322 0292 0348 0300 0301 0320 0421 0427 0397 0381 0393 0447 0504 0526 0493 0586 0699 0754 0798 0836 0867 0916 0826 0918 0865
0352 0363 0355 0363 0358 0354 0359 0362 0361 0369 0362 0366 0362 0361 0370 0367 0363 0375 0395 0459 0512 0456 0447 0430 0426 0427 0448 0440 0415 0412 0394 0384 0384 0402 0402 0382 0408 0439 0456 0529 0520 0504 0508 0458 0444 0446 0420 0462 0418 0417 0446 0447 0448 0444 0382 0345 0325 0313 0318 0305 0322 0327 0244 0296 0358 0446 0421 0385 0382 0407 0471 0482 0538 0557 0630 0695 0748 0748 0786 0808 0886 0844 0915 0885
0361 0359 0361 0358 0358 0358 0362 0367 0367 0362 0368 0362 0360 0362 0364 0365 0364 0369 0378 0430 0429 0437 0413 0412 0422 0416 0428 0434 0421 0406 0400 0367 0406 0430 0416 0419 0415 0458 0530 0481 0466 0464 0451 0463 0422 0419 0469 0490 0432 0432 0429 0467 0459 0427 0384 0335 0359 0318 0336 0317 0354 0307 0211 0286 0400 0404 0382 0361 0386 0381 0396 0464 0529 0576 0631 0697 0730 0718 0741 0732 0805 0820 0910 0895
0360 0362 0359 0373 0366 0365 0364 0367 0363 0361 0368 0367 0362 0367 0364 0362 0363 0366 0390 0421 0409 0399 0394 0408 0417 0416 0418 0407 0418 0412 0374 0383 0425 0427 0423 0425 0462 0440 0442 0431 0447 0444 0434 0429 0426 0422 0458 0441 0422 0434 0420 0428 0469 0457 0378 0419 0415 0359 0343 0317 0370 0350 0206 0331 0303 0341 0377 0357 0383 0401 0408 0475 0511 0577 0658 0704 0712 0720 0690 0719 0779 0864 0886 0897
0376 0363 0367 0365 0364 0366 0367 0365 0365 0365 0365 0368 0370 0365 0388 0366 0362 0361 0378 0383 0399 0419 0420 0420 0401 0376 0404 0408 0426 0402 0355 0366 0419 0409 0429 0435 0422 0405 0399 0427 0439 0441 0475 0452 0442 0457 0476 0452 0437 0426 0407 0426 0393 0397 0375 0436 0433 0417 0361 0315 0264 0301 0274 0336 0363 0334 0368 0349 0370 0407 0441 0558 0632 0638 0602 0699 0706 0717 0674 0698 0683 0806 0755 0772
0366 0370 0388 0366 0363 0384 0403 0376 0367 0365 0365 0369 0366 0368 0379 0372 0376 0362 0388 0374 0363 0386 0375 0365 0375 0373 0395 0405 0333 0339 0416 0374 0390 0400 0395 0422 0429 0380 0390 0396 0435 0475 0470 0444 0442 0475 0489 0483 0448 0418 0407 0425 0450 0451 0427 0420 0432 0432 0377 0305 0256 0199 0347 0332 0315 0339 0373 0340 0345 0353 0449 0519 0542 0580 0598 0690 0648 0666 0720 0482 0611 0734 0655 0709
0347 0367 0368 0369 0371 0387 0386 0371 0372 0366 0366 0371 0383 0388 0378 0374 0372 0377 0382 0376 0372 0357 0370 0382 0348 0315 0354 0286 0273 0286 0310 0370 0357 0390 0360 0388 0382 0385 0406 0415 0426 0471 0508 0504 0501 0487 0508 0483 0462 0419 0418 0434 0462 0477 0476 0462 0423 0395 0407 0355 0308 0258 0295 0327 0229 0330 0322 0341 0315 0395 0402 0479 0473 0486 0634 0631 0474 0592 0594 0423 0596 0669 0648 0581
0338 0363 0361 0377 0390 0406 0389 0379 0366 0370 0399 0400 0407 0400 0407 0389 0368 0390 0391 0389 0394 0355 0316 0364 0365 0301 0316 0274 0263 0285 0329 0301 0316 0379 0343 0376 0399 0415 0428 0437 0452 0502 0544 0537 0521 0548 0522 0496 0481 0445 0429 0480 0479 0459 0447 0475 0470 0416 0373 0392 0264 0330 0347 0276 0280 0311 0385 0334 0283 0331 0345 0415 0492 0399 0458 0397 0405 0433 0353 0394 0491 0486 0496 0411
0342 0352 0372 0383 0386 0414 0429 0403 0361 0363 0383 0404 0413 0423 0421 0409 0370 0384 0395 0399 0409 0328 0282 0300 0293 0270 0254 0247 0289 0251 0284 0323 0304 0353 0320 0427 0451 0441 0469 0464 0457 0509 0567 0537 0478 0467 0483 0467 0461 0455 0470 0487 0484 0455 0403 0436 0483 0417 0363 0350 0266 0264 0313 0240 0265 0283 0317 0305 0239 0254 0283 0367 0370 0290 0271 0294 0247 0288 0224 0210 0314 0291 0226 0095
0340 0325 0359 0404 0422 0424 0406 0395 0362 0384 0368 0375 0376 0401 0414 0408 0384 0377 0384 0382 0385 0330 0275 0277 0249 0233 0228 0258 0268 0290 0345 0331 0279 0295 0338 0403 0409 0454 0489 0463 0447 0483 0538 0511 0508 0462 0455 0457 0439 0417 0455 0427 0417 0375 0404 0416 0376 0371 0305 0323 0260 0271 0249 0261 0330 0260 0203 0190 0206 0228 0222 0242 0170 0157 0166 0232 0178 0184 0206 0151 0130 0087 0045 0067
0382 0342 0358 0360 0391 0394 0400 0398 0361 0350 0366 0370 0363 0361 0378 0394 0419 0419 0366 0331 0313 0295 0289 0281 0231 0215 0209 0260 0314 0342 0342 0298 0275 0303 0363 0388 0380 0496 0495 0438 0431 0512 0552 0556 0520 0501 0449 0438 0407 0373 0390 0403 0479 0484 0439 0430 0442 0395 0311 0363 0346 0298 0189 0277 0322 0193 0149 0155 0148 0160 0191 0157 0130 0130 0108 0128 0130 0182 0117 0051 0043 0035 0068 0081
0373 0358 0368 0355 0381 0374 0360 0388 0373 0336 0360 0391 0382 0385 0384 0381 0382 0344 0320 0291 0289 0271 0253 0218 0223 0240 0243 0323 0393 0413 0255 0256 0313 0350 0347 0318 0433 0493 0450 0426 0500 0519 0515 0518 0511 0520 0480 0468 0415 0413 0425 0451 0499 0473 0419 0387 0364 0391 0370 0325 0343 0272 0201 0213 0157 0145 0134 0135 0132 0101 0052 0058 0078 0054 0057 0064 0055 0046 0045 0048 0056 0076 0082 0093
0359 0353 0336 0364 0385 0391 0361 0323 0337 0336 0304 0341 0342 0370 0403 0424 0398 0335 0298 0280 0245 0283 0257 0217 0191 0229 0280 0290 0364 0334 0248 0295 0301 0315 0316 0324 0425 0424 0333 0431 0478 0494 0494 0478 0470 0443 0459 0430 0465 0424 0463 0480 0491 0487 0452 0429 0363 0292 0327 0308 0235 0214 0189 0143 0129 0126 0117 0106 0061 0036 0029 0028 0025 0042 0041 0039 0056 0089 0104 0098 0104 0112 0109 0134
0354 0367 0324 0355 0363 0371 0364 0317 0316 0336 0312 0289 0329 0359 0345 0369 0370 0384 0308 0300 0298 0282 0293 0207 0212 0216 0270 0290 0282 0249 0252 0254 0290 0366 0417 0327 0338 0304 0314 0354 0434 0482 0486 0484 0487 0440 0474 0509 0542 0540 0520 0522 0500 0481 0456 0430 0411 0333 0252 0289 0217 0201 0117 0108 0138 0106 0075 0040 0030 0025 0029 0037 0053 0065 0075 0088 0110 0133 0127 0120 0131 0140 0144 0181
0369 0347 0318 0324 0343 0358 0342 0306 0334 0309 0294 0290 0304 0323 0305 0335 0333 0355 0290 0310 0285 0267 0237 0190 0196 0208 0240 0261 0310 0244 0272 0266 0318 0368 0327 0313 0278 0272 0287 0312 0418 0507 0498 0539 0538 0555 0518 0418 0483 0474 0539 0490 0477 0432 0391 0321 0351 0237 0211 0217 0157 0112 0082 0082 0079 0047 0031 0028 0023 0028 0043 0063 0088 0107 0104 0109 0124 0132 0141 0143 0153 0183 0213 0196
0340 0313 0298 0311 0332 0359 0325 0304 0297 0280 0297 0316 0306 0303 0327 0292 0306 0322 0273 0269 0290 0267 0229 0188 0180 0209 0235 0276 0287 0245 0247 0295 0364 0388 0315 0290 0320 0305 0261 0340 0464 0540 0580 0658 0526 0501 0485 0493 0428 0386 0488 0450 0379 0421 0327 0210 0216 0205 0221 0144 0069 0052 0049 0054 0048 0030 0025 0026 0030 0057 0078 0091 0102 0119 0124 0127 0137 0146 0169 0200 0221 0287 0376 0353
0320 0314 0339 0285 0322 0329 0364 0344 0310 0290 0292 0290 0304 0306 0308 0284 0300 0321 0301 0247 0258 0257 0222 0191 0179 0182 0194 0330 0240 0234 0287 0378 0393 0353 0293 0279 0311 0325 0286 0308 0407 0503 0498 0582 0528 0467 0450 0399 0435 0422 0350 0367 0300 0250 0240 0176 0218 0170 0120 0052 0033 0026 0023 0023 0026 0024 0030 0035 0053 0079 0090 0100 0100 0115 0125 0146 0196 0224 0233 0268 0335 0425 0517 0477
0208 0208 0227 0207 0229 0317 0351 0319 0308 0282 0290 0269 0238 0285 0248 0290 0276 0334 0307 0271 0250 0245 0249 0183 0176 0198 0215 0279 0307 0314 0294 0396 0348 0296 0299 0275 0294 0299 0326 0265 0293 0462 0390 0503 0554 0507 0444 0457 0456 0359 0374 0289 0249 0207 0167 0141 0141 0085 0037 0023 0019 0017 0017 0018 0026 0033 0053 0062 0066 0077 0084 0093 0111 0132 0158 0221 0294 0265 0324 0405 0444 0422 0431 0348
0269 0244 0208 0202 0178 0169 0202 0279 0273 0312 0287 0258 0239 0257 0251 0252 0272 0292 0315 0303 0252 0260 0216 0184 0179 0208 0192 0241 0253 0318 0297 0391 0331 0294 0263 0278 0289 0286 0307 0299 0275 0297 0425 0432 0421 0431 0434 0437 0370 0286 0308 0254 0199 0125 0102 0063 0044 0027 0018 0015 0017 0016 0021 0029 0035 0037 0056 0062 0078 0088 0097 0112 0138 0154 0206 0340 0339 0285 0401 0468 0420 0402 0411 0351
0280 0271 0244 0238 0223 0178 0142 0159 0225 0274 0270 0271 0262 0236 0256 0257 0299 0281 0299 0302 0269 0254 0190 0174 0175 0194 0235 0221 0262 0299 0283 0286 0304 0312 0275 0275 0305 0264 0326 0323 0255 0321 0398 0454 0420 0395 0396 0358 0367 0284 0232 0171 0075 0064 0056 0041 0026 0020 0017 0015 0015 0019 0029 0033 0043 0057 0061 0069 0080 0084 0102 0120 0140 0209 0322 0358 0436 0370 0272 0310 0389 0408 0371 0352
0282 0280 0249 0226 0210 0194 0181 0148 0117 0155 0161 0238 0257 0235 0251 0240 0291 0288 0271 0245 0232 0227 0189 0168 0168 0253 0258 0256 0254 0251 0337 0332 0373 0323 0266 0253 0278 0245 0260 0258 0229 0267 0390 0441 0401 0374 0278 0335 0293 0261 0204 0106 0070 0052 0034 0022 0020 0018 0019 0020 0020 0022 0035 0043 0060 0068 0073 0091 0092 0098 0114 0134 0174 0240 0302 0414 0435 0422 0331 0321 0338 0312 0324 0347
0306 0293 0280 0249 0240 0216 0192 0169 0149 0119 0121 0123 0117 0117 0131 0155 0238 0261 0248 0237 0227 0212 0234 0180 0179 0260 0308 0260 0215 0297 0333 0331 0324 0272 0231 0225 0240 0237 0217 0258 0266 0295 0330 0414 0357 0305 0273 0244 0190 0126 0083 0064 0049 0042 0023 0019 0018 0018 0018 0019 0020 0026 0039 0058 0076 0080 0089 0099 0102 0107 0118 0132 0189 0288 0313 0296 0332 0395 0348 0289 0307 0331 0315 0365
0339 0335 0280 0296 0324 0285 0236 0201 0175 0154 0133 0117 0114 0129 0112 0110 0149 0217 0251 0217 0241 0257 0251 0194 0152 0301 0308 0212 0214 0214 0313 0284 0251 0269 0224 0185 0202 0247 0234 0226 0258 0310 0328 0320 0324 0282 0209 0143 0090 0066 0060 0053 0039 0024 0018 0017 0019 0019 0019 0019 0021 0023 0046 0068 0082 0084 0107 0130 0129 0144 0161 0171 0205 0228 0257 0294 0357 0378 0334 0264 0326 0338 0337 0462
0420 0358 0269 0227 0246 0277 0264 0222 0193 0182 0158 0145 0142 0153 0132 0121 0138 0174 0191 0219 0259 0242 0219 0221 0168 0214 0314 0228 0211 0208 0219 0244 0224 0205 0188 0169 0186 0203 0196 0192 0231 0253 0212 0194 0178 0147 0097 0060 0059 0059 0055 0040 0025 0015 0013 0018 0031 0020 0027 0027 0026 0029 0061 0069 0071 0109 0118 0148 0175 0165 0226 0226 0255 0289 0251 0299 0312 0341 0274 0315 0362 0424 0400 0429
0406 0373 0388 0310 0237 0182 0187 0233 0210 0177 0165 0160 0144 0148 0149 0107 0120 0161 0167 0161 0195 0217 0208 0214 0183 0176 0229 0211 0166 0199 0179 0157 0119 0102 0091 0097 0072 0059 0066 0072 0066 0073 0071 0057 0060 0056 0058 0056 0055 0048 0035 0037 0027 0030 0015 0030 0038 0019 0044 0056 0028 0041 0071 0066 0075 0096 0135 0174 0185 0215 0167 0200 0226 0249 0285 0332 0320 0241 0285 0306 0381 0453 0482 0502
0395 0384 0369 0333 0312 0264 0215 0190 0193 0201 0185 0161 0153 0149 0153 0167 0109 0095 0112 0125 0110 0091 0087 0151 0232 0219 0147 0139 0101 0089 0085 0066 0061 0063 0060 0060 0067 0059 0055 0067 0083 0071 0054 0034 0048 0043 0060 0092 0036 0031 0037 0035 0058 0028 0021 0030 0032 0035 0065 0038 0024 0050 0058 0083 0106 0137 0164 0197 0234 0266 0244 0230 0203 0244 0279 0387 0291 0251 0366 0367 0392 0434 0499 0495
0401 0346 0367 0322 0346 0347 0352 0360 0325 0258 0235 0202 0184 0161 0148 0148 0151 0132 0113 0084 0073 0081 0092 0065 0076 0135 0112 0061 0063 0063 0076 0083 0077 0064 0060 0060 0058 0059 0065 0079 0080 0065 0058 0061 0096 0051 0045 0037 0026 0038 0038 0039 0050 0015 0018 0022 0018 0025 0038 0091 0034 0103 0073 0113 0148 0210 0217 0224 0304 0340 0270 0256 0190 0218 0236 0218 0224 0302 0390 0460 0443 0514 0696 0557
0461 0408 0385 0355 0324 0363 0377 0393 0422 0379 0328 0294 0230 0210 0196 0183 0189 0171 0136 0118 0096 0102 0107 0100 0087 0066 0069 0076 0082 0075 0073 0068 0061 0060 0061 0062 0066 0072 0087 0087 0081 0068 0068 0073 0063 0071 0049 0030 0030 0031 0035 0033 0030 0023 0024 0025 0030 0035 0053 0041 0051 0076 0096 0132 0206 0221 0260 0269 0297 0334 0283 0247 0239 0213 0223 0266 0292 0290 0359 0421 0472 0442 0482 0576
0436 0389 0345 0384 0344 0330 0318 0320 0325 0321 0360 0356 0336 0277 0197 0168 0181 0173 0173 0165 0122 0120 0127 0125 0114 0105 0101 0088 0093 0088 0081 0070 0064 0062 0062 0071 0084 0086 0093 0091 0085 0071 0065 0060 0052 0044 0040 0038 0037 0038 0039 0045 0050 0048 0041 0043 0040 0038 0048 0051 0064 0077 0103 0138 0208 0206 0254 0322 0322 0314 0244 0231 0253 0214 0246 0300 0390 0363 0422 0459 0495 0543 0560 0479
0432 0425 0379 0332 0338 0336 0384 0335 0341 0311 0296 0295 0268 0255 0274 0239 0245 0211 0185 0172 0151 0132 0130 0138 0127 0110 0097 0090 0090 0089 0082 0073 0069 0069 0067 0087 0091 0094 0088 0081 0071 0062 0057 0051 0045 0041 0038 0036 0038 0039 0041 0052 0059 0059 0054 0048 0042 0038 0048 0052 0071 0101 0116 0150 0208 0235 0309 0371 0287 0234 0270 0236 0260 0297 0294 0378 0390 0443 0507 0313 -999 0321 0394 -999
0385 0382 0373 0345 0367 0352 0386 0380 0389 0368 0329 0286 0300 0278 0282 0244 0259 0214 0186 0184 0172 0140 0127 0124 0119 0107 0098 0090 0088 0088 0082 0077 0075 0074 0081 0088 0091 0089 0072 0061 0059 0057 0052 0052 0056 0055 0045 0044 0049 0057 0049 0057 0056 0059 0056 0046 0037 0037 0038 0046 0070 0112 0175 0233 0223 0414 0459 0294 0270 0287 0260 0247 0326 0394 0348 0459 0525 0499 0412 -999 -999 -999 -999 -999
0419 0376 0349 0337 0376 0378 0336 0349 0341 0364 0348 0303 0339 0303 0288 0281 0278 0224 0189 0157 0147 0137 0131 0126 0124 0118 0104 0093 0089 0090 0084 0076 0076 0083 0089 0089 0080 0073 0062 0061 0060 0057 0057 0060 0063 0060 0066 0095 0123 0156 0140 0084 0073 0065 0058 0046 0037 0036 0030 0053 0079 0129 0210 0251 0241 0360 0309 0208 0299 0220 0243 0345 0416 0469 0407 0515 0458 0436 0148 -999 -999 -999 -999 -999
